31250000000000
31563752502501
31880020040032
32198817702743
32520160641024
32844064065625
33170543247776
33499613519307
33831290272768
34165588961549
34502525100000
34842114263551
35184372088832
35529314273793
35876956577824
36227314821875
36580404888576
36936242722357
37294844329568
37656225778599
38020403200000
38387392786601
38757210793632
39129873538843
39505397402624
39883798828125
40265094321376
40649300451407
41036433850368
41426511213649
41819549300000
42215564931651
42614574994432
43016596437893
43421646275424
43829741584375
44240899506176
44655137246457
45072472075168
45492921326699
45916502400000
46343232758701
46773129931232
47206211510943
47642495156224
48081998590625
48524739602976
48970736047507
49420005843968
49872566977749
50328437500000
50787635527751
51250179244032
51716086897993
52185376805024
52658067346875
53134176971776
53613724194557
54096727596768
54583205826799
55073177600000
55566661698801
56063676972832
56564242339043
57068376781824
57576099353125
58087429172576
58602385427607
59120987373568
59643254333849
60169205700000
60698860931851
61232239557632
61769361174093
62310245446624
62854912109375
63403380965376
63955671886657
64511804814368
65071799758899
65635676800000
66203456086901
66775157838432
67350802343143
67930409959424
68514001115625
69101596310176
69693216111707
70288881159168
70888612161949
71492429900000
72100355223951
72712409055232
73328612386193
73948986280224
74573551871875
75202330366976
75835343042757
76472611247968
77114156402999
77760000000000
78410163603001
79064668848032
79723537443243
80386791169024
81054451878125
81726541495776
82403082019807
83084095520768
83769604142049
84459630100000
85154195684051
85853323256832
86557035254293
87265354185824
87978302634375
88695903256576
89418178782857
90145152017568
90876845839099
91613283200000
92354487127101
93100480721632
93851287159343
94606929690624
95367431640625
96132816409376
96903107471907
97678328378368
98458502754149
99243654300000
100033806792151
100828984082432
101629210098393
102434508843424
103244904396875
104060420914176
104881082626957
105706913843168
106537938947199
107374182400000
108215668739201
109062422579232
109914468611443
110771831604224
111634536403125
112502607930976
113376071188007
114254951251968
115139273278249
116029062500000
116924344228251
117825143852032
118731486838493
119643398733024
120560905159375
121484031819776
122412804495057
123347249044768
124287391407299
125233257600000
126184873719301
127142265940832
128105460519543
129074483789824
130049362165625
131030122140576
132016790288107
133009393261568
134007957794349
135012510700000
136023078872351
137039689285632
138062368994593
139091145134624
140126044921875
141167095653376
142214324707157
143267759542368
144327427699399
145393356800000
146465574547401
147544108726432
148628987203643
149720237927424
150817888928125
151921968318176
153032504292207
154149525127168
155273059182449
156403134900000
157539780804451
158683025503232
159832897686693
160989426128224
162152639684375
163322567294976
164499237983257
165682680855968
166872925103499
168070000000000
169273934903501
170484759256032
171702502583743
172927194497024
174158864690625
175397542943776
176643259120307
177896043168768
179155925122549
180422935100000
181697103304551
182978460024832
184267035634793
185562860593824
186865965446875
188176380824576
189494137443357
190819266105568
192151797699599
193491763200000
194839193667601
196194120249632
197556574179843
198926586778624
200304189453125
201689413697376
203082291092407
204482853306368
205891132094649
207307159300000
208730966852651
210162586770432
211602051158893
213049392211424
214504642209375
215967833522176
217438998607457
218918170011168
220405380367699
221900662400000
223404048919701
224915572827232
226435267111943
227963164852224
229499299215625
231043703458976
232596410928507
234157455059968
235726869378749
