976562500000
996250626251
1016255020032
1036579476493
1057227821024
1078203909375
1099511627776
1121154893057
1143137652768
1165463885299
1188137600000
1211162837301
1234543668832
1258284197543
1282388557824
1306860915625
1331705468576
1356926446107
1382528109568
1408514752349
1434890700000
1461660310351
1488827973632
1516398112593
1544375182624
1572763671875
1601568101376
1630793025157
1660443030368
1690522737399
1721036800000
1751989905401
1783386774432
1815232161643
1847530855424
1880287678125
1913507486176
1947195170207
1981355655168
2015993900449
2051114900000
2086723682451
2122825311232
2159424884693
2196527536224
2234138434375
2272262782976
2310905821257
2350072823968
2389769101499
2430000000000
2470770901501
2512087224032
2553954421743
2596377985024
2639363440625
2682916351776
2727042318307
2771746976768
2817036000549
2862915100000
2909390022551
2956466552832
3004150512793
3052447761824
3101364196875
3150905752576
3201078401357
3251888153568
3303341057599
3355443200000
3408200705601
3461619737632
3515706497843
3570467226624
3625908203125
3682035745376
3738856210407
3796375994368
3854601532649
3913539300000
3973195810651
4033577618432
4094691316893
4156543539424
4219140959375
4282490290176
4346598285457
4411471739168
4477117485699
4543542400000
4610753397701
4678757435232
4747561509943
4817172660224
4887597965625
4958844546976
5030919566507
5103830227968
5177583776749
5252187500000
5327648726751
5403974828032
5481173216993
5559251349024
5638216721875
5718076875776
5798839393557
5880511900768
5963102065799
6046617600000
6131066257801
6216455836832
6302794178043
6390089165824
6478348728125
6567580836576
6657793506607
6748994797568
6841192812849
6934395700000
7028611650851
7123848901632
7220115733093
7317420470624
7415771484375
7515177189376
7615646045657
7717186558368
7819807277899
7923516800000
8028323765901
8134236862432
8241264822143
8349416423424
8458700490625
8569125894176
8680701550707
8793436423168
8907339520949
9022419900000
9138686662951
9256148959232
9374815985193
9494696984224
9615801246875
9738138110976
9861716961757
9986547231968
10112638401999
10240000000000
10368641602001
10498572832032
10629803362243
10762342913024
10896201253125
11031388199776
11167913618807
11305787424768
11445019581049
11585620100000
11727599043051
11870966520832
12015732693293
12161907769824
12309502009375
12458525720576
12608989261857
12760903041568
12914277518099
13069123200000
13225450646101
13383270465632
13542593318343
13703429914624
13865791015625
14029687433376
14195130030907
14362129722368
14530697473149
14700844300000
14872581271151
15045919506432
15220870177393
15397444507424
15575653771875
15755509298176
15937022465957
16120204707168
16305067506199
16491622400000
16679880978201
16869854883232
17061555810443
17254995508224
17450185778125
17647138474976
17845865507007
18046378835968
18248690477249
18452812500000
18658757027251
18866536236032
19076162357493
19287647677024
19501004534375
19716245323776
19933382494057
20152428548768
20373396046299
20596297600000
20821145878301
21047953604832
21276733558543
21507498573824
21740261540625
21975035404576
22211833167107
22450667885568
22691552673349
22934500700000
23179525191351
23426639429632
23675856753593
23927190558624
24180654296875
24436261477376
24694025666157
24953960486368
25216079618399
25480396800000
25746925826401
26015680550432
26286674882643
26559922791424
26835438303125
27113235502176
27393328531207
27675731591168
27960458941449
28247524900000
28536943843451
28828730207232
29122898485693
29419463232224
29718439059375
30019840638976
30323682702257
30629980039968
30938747502499
