237304687500000
238890943128751
240485670060032
242088902178993
243700673461024
245321017971875
246949969867776
248587563395557
250233832892768
251888812787799
253552537600000
255225041939801
256906360508832
258596528100043
260295579597824
262003549978125
263720474308576
265446387748607
267181325549568
268925323054849
270678415700000
272440639012851
274212028613632
275992620215093
277782449622624
279581552734375
281389965541376
283207724127657
285034864670368
286871423439899
288717436800000
290572941207901
292437973214432
294312569464143
296196766695424
298090601740625
299994111526176
301907333072707
303830303495168
305763060002949
307705639900000
309658080584951
311620419551232
313592694387193
315574942776224
317567202496875
319569511422976
321581907523757
323604428863968
325637113603999
327680000000000
329733126404001
331796531264032
333870253124243
335954330625024
338048802503125
340153707591776
342269084820807
344394973216768
346531411903049
348678440100000
350836097125051
353004422392832
355183455415293
357373235801824
359573803259375
361785197592576
364007458703857
366240626593568
368484741360099
370739843200000
373005972408101
375283169377632
377571474600343
379870928666624
382181572265625
384503446185376
386836591312907
389181048634368
391536859235149
393904064300000
396282705113151
398672823058432
401074459619393
403487656379424
405912455021875
408348897330176
410797025187957
413256880579168
415728505588199
418211942400000
420707233300201
423214420675232
425733547012443
428264654900224
430807787028125
433362986186976
435930295269007
438509757267968
441101415279249
443705312500000
446321492229251
448949997868032
451590872919493
454244160989024
456909905784375
459588151115776
462278940896057
464982319140768
467698329968299
470427017600000
473168426360301
475922600676832
478689585080543
481469424205824
484262162790625
487067845676576
489886517809107
492718224237568
495563010115349
498420920700000
501292001353351
504176297541632
507073854835593
509984718910624
512908935546875
515846550629376
518797610148157
521762160198368
524740246980399
527731916800000
530737216068401
533756191302432
536788889124643
539835356263424
542895639553125
545969785934176
549057842453207
552159856263168
555275874623449
558405944900000
561550114565451
564708431199232
567880942487693
571067696224224
574268740309375
577484122750976
580713891664257
583958095271968
587216781904499
590490000000000
593777798104501
597080224872032
600397329064743
603729159553024
607075765315625
610437195439776
613813499121307
617204725664768
620610924483549
624032145100000
627468437145551
630919850360832
634386434595793
637868239809824
641365316071875
644877713560576
648405482564357
651948673481568
655507336820599
659081523200000
662671283348601
666276668105632
669897728420843
673534515354624
677187080078125
680855473873376
684539748133407
688239954362368
691956144175649
695688369300000
699436681573651
703201132946432
706981775479893
710778661347424
714591842834375
718421372338176
722267302368457
726129685547168
730008574608699
733904022400000
737816081880701
741744806123232
745690248312943
749652461748224
753631499840625
757627416114976
761640264209507
765670097875968
769716970979749
773780937500000
777862051529751
781960367276032
786075939059993
790208821317024
794359068596875
798526735563776
802711876996557
806914547788768
811134802948799
815372697600000
819628286980801
823901626444832
828192771461043
832501777613824
836828700603125
841173596244576
845536520469607
849917529325568
854316678975849
858734025700000
863169625893851
867623536069632
872095812856093
876586512998624
881095693359375
885623410917376
890169722768657
894734686126368
899318358320899
903920796800000
908542059128901
913182202990432
917841286185143
922519366631424
927216502365625
931932751542176
936668172433707
941422823431168
946196763043949
950990049900000
955802742745951
960634900447232
965486581988193
970357846472224
975248753121875
980159361278976
985089730404757
990039920079968
995009990004999
